-12.59875315
-12.57218892
-15.09479108
-11.85587265
-11.13334064
-11.43853306
-11.97886742
-13.02195014
-11.8002055
-12.91337889
-9.395943617
-9.783579222
-11.49562078
-13.66418503
-11.43026269
-13.08328975
-11.87725593
-14.35155392
-9.925516214
-11.88457869
-12.41675481
-12.33975276
-10.46176054
-9.805975069
-11.15357311
-11.53995852
-10.16823178
-12.41675481
-11.43497583
-11.52815509
-11.37693178
-9.489124594
-10.27768889
-10.88522046
-10.31730533
-6.82150803